Year:Month        Month L    M   S  -3    SD  -2    SD  -1    SD  Median    1   SD 2    SD  3 SD
0:0      0      0.3487      3.3464      0.14602     2.1     2.5     2.9     3.3     3.9     4.4     5.0
0:1      1      0.2297      4.4709      0.13395     2.9     3.4     3.9     4.5     5.1     5.8     6.6
0:2      2      0.1970      5.5675      0.12385     3.8     4.3     4.9     5.6     6.3     7.1     8.0
0:3      3      0.1738      6.3762      0.11727     4.4     5.0     5.7     6.4     7.2     8.0     9.0
0:4      4      0.1553      7.0023      0.11316     4.9     5.6     6.2     7.0     7.8     8.7     9.7
0:5      5      0.1395      7.5105      0.11080     5.3     6.0     6.7     7.5     8.4     9.3     10.4
0:6      6      0.1257      7.9340      0.10958     5.7     6.4     7.1     7.9     8.8     9.8     10.9
0:7      7      0.1134      8.2970      0.10902     5.9     6.7     7.4     8.3     9.2     10.3    11.4
0:8      8      0.1021      8.6151      0.10882     6.2     6.9     7.7     8.6     9.6     10.7    11.9
0:9      9      0.0917      8.9014      0.10881     6.4     7.1     8.0     8.9     9.9     11.0    12.3
0:10    10      0.0820      9.1649      0.10891     6.6     7.4     8.2     9.2     10.2    11.4    12.7
0:11    11      0.0730      9.4122      0.10906     6.8     7.6     8.4     9.4     10.5    11.7    13.0
1:0     12      0.0644      9.6479      0.10925     6.9     7.7     8.6     9.6     10.8    12.0    13.3
1:1     13      0.0563      9.8749      0.10949     7.1     7.9     8.8     9.9     11.0    12.3    13.7
1:2     14      0.0487      10.0953     0.10976     7.2     8.1     9.0     10.1    11.3    12.6    14.0
1:3     15      0.0413      10.3108     0.11007     7.4     8.3     9.2     10.3    11.5    12.8    14.3
1:4     16      0.0343      10.5228     0.11041     7.5     8.4     9.4     10.5    11.7    13.1    14.6
1:5     17      0.0275      10.7319     0.11079     7.7     8.6     9.6     10.7    12.0    13.4    14.9
1:6     18      0.0211      10.9385     0.11119     7.8     8.8     9.8     10.9    12.2    13.7    15.3
1:7     19      0.0148      11.1430     0.11164     8.0     8.9     10.0    11.1    12.5    13.9    15.6
1:8     20      0.0087      11.3462     0.11211     8.1     9.1     10.1    11.3    12.7    14.2    15.9
1:9     21      0.0029      11.5486     0.11261     8.2     9.2     10.3    11.5    12.9    14.5    16.2
1:10    22      -0.0028     11.7504     0.11314     8.4     9.4     10.5    11.8    13.2    14.7    16.5
1:11    23      -0.0083     11.9514     0.11369     8.5     9.5     10.7    12.0    13.4    15.0    16.8
2:0     24      -0.0137     12.1515     0.11426     8.6     9.7     10.8    12.2    13.6    15.3    17.1
2:1     25      -0.0189     12.3502     0.11485     8.8     9.8     11.0    12.4    13.9    15.5    17.5
2:2     26      -0.0240     12.5466     0.11544     8.9     10.0    11.2    12.5    14.1    15.8    17.8
2:3     27      -0.0289     12.7401     0.11604     9.0     10.1    11.3    12.7    14.3    16.1    18.1
2:4     28      -0.0337     12.9303     0.11664     9.1     10.2    11.5    12.9    14.5    16.3    18.4
2:5     29      -0.0385     13.1169     0.11723     9.2     10.4    11.7    13.1    14.8    16.6    18.7
2:6     30      -0.0431     13.3000     0.11781     9.4     10.5    11.8    13.3    15.0    16.9    19.0
2:7     31      -0.0476     13.4798     0.11839     9.5     10.7    12.0    13.5    15.2    17.1    19.3
2:8     32      -0.0520     13.6567     0.11896     9.6     10.8    12.1    13.7    15.4    17.4    19.6
2:9     33      -0.0564     13.8309     0.11953     9.7     10.9    12.3    13.8    15.6    17.6    19.9
2:10    34      -0.0606     14.0031     0.12008     9.8     11.0    12.4    14.0    15.8    17.8    20.2
2:11    35      -0.0648     14.1736     0.12062     9.9     11.2    12.6    14.2    16.0    18.1    20.4
3:0     36      -0.0689     14.3429     0.12116     10.0    11.3    12.7    14.3    16.2    18.3    20.7
3:1     37      -0.0729     14.5113     0.12168     10.1    11.4    12.9    14.5    16.4    18.6    21.0
3:2     38      -0.0769     14.6791     0.12220     10.2    11.5    13.0    14.7    16.6    18.8    21.3
3:3     39      -0.0808     14.8466     0.12271     10.3    11.6    13.1    14.8    16.8    19.0    21.6
3:4     40      -0.0846     15.0140     0.12322     10.4    11.8    13.3    15.0    17.0    19.3    21.9
3:5     41      -0.0883     15.1813     0.12373     10.5    11.9    13.4    15.2    17.2    19.5    22.1
3:6     42      -0.0920     15.3486     0.12425     10.6    12.0    13.6    15.3    17.4    19.7    22.4
3:7     43      -0.0957     15.5158     0.12478     10.7    12.1    13.7    15.5    17.6    20.0    22.7
3:8     44      -0.0993     15.6828     0.12531     10.8    12.2    13.8    15.7    17.8    20.2    23.0
3:9     45      -0.1028     15.8497     0.12586     10.9    12.4    14.0    15.8    18.0    20.5    23.3
3:10    46      -0.1063     16.0163     0.12643     11.0    12.5    14.1    16.0    18.2    20.7    23.6
3:11    47      -0.1097     16.1827     0.12700     11.1    12.6    14.3    16.2    18.4    20.9    23.9
4:0     48      -0.1131     16.3489     0.12759     11.2    12.7    14.4    16.3    18.6    21.2    24.2

umurBulan = [0, 1, 2, 3, 4, 5, 6, 7, 8, 9, 10, 11, 12, 13, 14, 15, 16, 17, 18, 19, 20, 21, 22, 23, 24, 25, 26, 27, 28, 29, 30, 31, 32, 33, 34, 35, 36, 37, 38, 39, 40, 41, 42, 43, 44, 45, 46, 47, 48, 49, 50, 51, 52, 53, 54, 55, 56, 57, 58, 59]

BeratBadanTerlaluKurus = [2.1, 2.9, 3.8, 4.4, 4.9, 5.3, 5.7, 5.9, 6.2, 6.4, 6.6, 6.8, 6.9, 7.1, 7.2, 7.4, 7.5, 7.7, 7.8, 8, 8.1, 8.2, 8.4, 8.5, 8.6, 8.8, 8.9, 9, 9.1, 9.2, 9.4, 9.5, 9.6, 9.7, 9.8, 9.9, 10, 10.1, 10.2, 10.3, 10.4, 10.5, 10.6, 10.7, 10.8, 10.9, 11, 11.1, 11.2, 11.3, 11.4, 11.5, 11.6, 11.7, 11.8, 11.9, 12, 12.1, 12.2, 12.3]

BeratBadanKurus = [2.5, 3.4, 4.3, 5, 5.6, 6, 6.4, 6.7, 6.9, 7.1, 7.4, 7.6, 7.7, 7.9, 8.1, 8.3, 8.4, 8.6, 8.8, 8.9, 9.1, 9.2, 9.4, 9.5, 9.7, 9.8, 10, 10.1, 10.2, 10.4, 10.5, 10.7, 10.8, 10.9, 11, 11.2, 11.3, 11.4, 11.5, 11.6, 11.8, 11.9, 12, 12.1, 12.2, 12.4, 12.5, 12.6, 12.7, 12.8, 12.9, 13.1, 13.2, 13.3, 13.4, 13.5, 13.6, 13.7, 13.8, 14]

BeratBadanNormal = [2.9, 3.9, 4.9, 5.7, 6.2, 6.7, 7.1, 7.4, 7.7, 8, 8.2, 8.4, 8.6, 8.8, 9, 9.2, 9.4, 9.6, 9.8, 10, 10.1, 10.3, 10.5, 10.7, 10.8, 11, 11.2, 11.3, 11.5, 11.7, 11.8, 12, 12.1, 12.3, 12.4, 12.6, 12.7, 12.9, 13, 13.1, 13.3, 13.4, 13.6, 13.7, 13.8, 14, 14.1, 14.3, 14.4, 14.5, 14.7, 14.8, 15, 15.1, 15.2, 15.4, 15.5, 15.6, 15.8, 15.9]

Median = [3.3, 4.5, 5.6, 6.4, 7, 7.5, 7.9, 8.3, 8.6, 8.9, 9.2, 9.4, 9.6, 9.9, 10.1, 10.3, 10.5, 10.7, 10.9, 11.1, 11.3, 11.5, 11.8, 12, 12.2, 12.4, 12.5, 12.7, 12.9, 13.1, 13.3, 13.5, 13.7, 13.8, 14, 14.2, 14.3, 14.5, 14.7, 14.8, 15, 15.2, 15.3, 15.5, 15.7, 15.8, 16, 16.2, 16.3, 16.5, 16.7, 16.8, 17, 17.2, 17.3, 17.5, 17.7, 17.8, 18, 18.2]

BeratBadanNormal = [3.9, 5.1, 6.3, 7.2, 7.8, 8.4, 8.8, 9.2, 9.6, 9.9, 10.2, 10.5, 10.8, 11, 11.3, 11.5, 11.7, 12, 12.2, 12.5, 12.7, 12.9, 13.2, 13.4, 13.6, 13.9, 14.1, 14.3, 14.5, 14.8, 15, 15.2, 15.4, 15.6, 15.8, 16, 16.2, 16.4, 16.6, 16.8, 17, 17.2, 17.4, 17.6, 17.8, 18, 18.2, 18.4, 18.6, 18.8, 19, 19.2, 19.4, 19.6, 19.8, 20, 20.2, 20.4, 20.6, 20.8]

BeratBadanGemuk = [4.4, 5.8, 7.1, 8, 8.7, 9.3, 9.8, 10.3, 10.7, 11, 11.4, 11.7, 12, 12.3, 12.6, 12.8, 13.1, 13.4, 13.7, 13.9, 14.2, 14.5, 14.7, 15, 15.3, 15.5, 15.8, 16.1, 16.3, 16.6, 16.9, 17.1, 17.4, 17.6, 17.8, 18.1, 18.3, 18.6, 18.8, 19, 19.3, 19.5, 19.7, 20, 20.2, 20.5, 20.7, 20.9, 21.2, 21.4, 21.7, 21.9, 22.2, 22.4, 22.7, 22.9, 23.2, 23.4, 23.7, 23.9]

BeratBadanTerlaluGemuk = [5, 6.6, 8, 9, 9.7, 10.4, 10.9, 11.4, 11.9, 12.3, 12.7, 13, 13.3, 13.7, 14, 14.3, 14.6, 14.9, 15.3, 15.6, 15.9, 16.2, 16.5, 16.8, 17.1, 17.5, 17.8, 18.1, 18.4, 18.7, 19, 19.3, 19.6, 19.9, 20.2, 20.4, 20.7, 21, 21.3, 21.6, 21.9, 22.1, 22.4, 22.7, 23, 23.3, 23.6, 23.9, 24.2, 24.5, 24.8, 25.1, 25.4, 25.7, 26, 26.3, 26.6, 26.9, 27.2, 27.6]